0.23727327 0.25676449 0.26012433 0.26490632 0.25738422 0.27283164  0.27195951 0.26774125 0.27462388 0.26388632
0.23607943 0.23610087 0.24563057 0.26138845 0.26778237 0.26832907  0.26153307 0.27281279 0.28035046 0.27988741
0.21492628 0.25305247 0.23709321 0.23446009 0.2534762  0.24595946  0.25360086 0.25355299 0.24144026 0.2644597 
0.21284463 0.22270932 0.23027662 0.22535461 0.24386159 0.25107573  0.25569566 0.23948857 0.24543349 0.25348538
0.21279783 0.22796592 0.22774462 0.22834163 0.24767643 0.24918347  0.24899505 0.24820217 0.25159135 0.25495533
0.21453866 0.21604076 0.22888583 0.22489841 0.2373924  0.24013479  0.23906552 0.23693274 0.25553639 0.25346323
0.20607428 0.21672147 0.22798095 0.22608992 0.23044901 0.23369159  0.23621712 0.25302308 0.24482048 0.24684337
0.21603323 0.22051592 0.21892009 0.22963033 0.22937605 0.23442687  0.24303363 0.23849648 0.24452438 0.24391931
0.21303033 0.22576661 0.22207848 0.22767245 0.2221333  0.23549739  0.23542833 0.2427185  0.24516311 0.24183026
0.20877162 0.22083631 0.22526094 0.22340575 0.22567032 0.23424991  0.23659047 0.24314686 0.24489854 0.24170701
