0.23066955  0.2544898   0.23727675  0.26490098  0.2506876   0.26506212   0.25483707  0.26045297  0.26611245  0.26550725
0.23977616  0.25724163  0.24878221  0.24316469  0.25866759  0.24436475   0.25087349  0.26191236  0.26172044  0.26458258
0.23655314  0.22218522  0.2359412   0.22860745  0.259336    0.24358932   0.24587548  0.25715312  0.25544646  0.25647395
0.21462997  0.22775113  0.23627845  0.24291568  0.24261885  0.23875947   0.23500962  0.2343072   0.22564126  0.23717109
0.20924063  0.22464367  0.22599245  0.22710014  0.24207787  0.23151349   0.24264662  0.24265759  0.24919401  0.25901106
0.21246569  0.22170528  0.23731636  0.23754418  0.23312794  0.236066   0.2428719   0.24754566  0.25245282  0.2580764 
0.2173253   0.21602768  0.22790474  0.2329203   0.23804177  0.2382056   0.23900716  0.24454862  0.24482166  0.24318341
0.22370368  0.2233328   0.22494521  0.23318983  0.23420422  0.24194187   0.24210106  0.24022409  0.2432215   0.24321662
0.22901989  0.22910359  0.22632972  0.22890045  0.2285493   0.23685812   0.24064352  0.24077557  0.24273553  0.23910079
0.2163694   0.22202653  0.22742635  0.2297089   0.23517677  0.232078   0.23546045  0.23883036  0.23658277  0.2361778 
